FID 2020_01_13_13_12_47
NN 11
EN 10
N 1 0 2.77536 0.144668 0 3.06451 0 0 0 0 0 0 0 0 0 0 0 0 0 0 0 0 0
N 2 0 -8.88111 -1.73551 0 3.37322 0 0 0 0 0 0 0 0 0 0 0 0 0 0 0 0 0
N 3 0 -18.3173 -2.31415 0 3.24576 0 0 0 0 0 0 0 0 0 0 0 0 0 0 0 0 0
N 4 0 -29.4188 -2.16977 0 3.63416 0 0 0 0 0 0 0 0 0 0 0 0 0 0 0 0 0
N 5 0 -48.4762 -1.59173 0 3.07596 0 0 0 0 0 0 0 0 0 0 0 0 0 0 0 0 0
N 6 0 -77.1549 -2.74923 0 3.49229 0 0 0 0 0 0 0 0 0 0 0 0 0 0 0 0 0
N 7 0 -91.2167 -3.6172 0 3.68707 0 0 0 0 0 0 0 0 0 0 0 0 0 0 0 0 0
N 8 0 -97.1375 -4.05116 0 2.78775 0 0 0 0 0 0 0 0 0 0 0 0 0 0 0 0 0
N 9 0 -103.428 -2.31596 0 3.08786 0 0 0 0 0 0 0 0 0 0 0 0 0 0 0 0 0
N 10 0 -107.314 1.44387 0 1.70575 0 0 0 0 0 0 0 0 0 0 0 0 0 0 0 0 0
N 11 0 -106.944 16.0497 0 1.10293 0 0 0 0 0 0 0 0 0 0 0 0 0 0 0 0 0
E 2 2 11.8071 0 2
E 3 3 9.45391 0 2
E 4 4 11.1024 0 2
E 5 5 19.0662 0 2
E 6 6 28.702 0 2
E 7 7 14.0886 0 2
E 8 8 5.93668 0 2
E 9 9 6.52544 0 2
E 10 10 5.40715 0 2
E 11 11 14.6105 0 2
GLOBAL-PATH 1 2 3 4 5 6 7 8 9 10 11
